$ 1 0.000005 3.046768661252054 69 5 43 5e-11
t -608 416 -576 416 2 1 -8.328350094208178 0.03232465976676327 300 default
t -448 416 -496 416 2 1 0.5832918789672235 0.6156164521634422 300 default
t 112 400 160 400 2 1 -5.937977710887818 0.40602922876299985 300 default
t -112 320 -64 320 2 1 -0.9393252460250601 0.6202274198526547 300 default
w -496 432 -544 432 0
g -544 432 -544 448 0 0
r -576 288 -576 336 0 3300
r -576 256 -576 208 0 560
w -576 432 -544 432 0
w -608 368 -608 416 0
r -496 352 -544 352 0 10000
w -576 400 -576 368 0
w -576 288 -576 256 0
w -544 352 -608 352 0
w -608 368 -608 352 0
w -496 400 -496 352 0
r -496 320 -496 272 0 10000
w -496 320 -496 352 0
w -576 208 -576 176 0
w -576 176 -496 176 0
w -496 272 -496 176 0
w -576 256 -368 256 0
w -368 256 -368 224 0
w -496 176 -384 176 0
r -496 144 -576 144 0 100
d -384 544 -448 544 2 default
r -448 544 -496 544 0 100000
c -496 560 -496 592 4 1.0000000000000001e-7 -0.04473117799189425 0.001 0
r -544 544 -608 544 0 47000
w -496 560 -496 544 0
R -160 544 -160 512 0 0 40 10 0 0 0.5
d -416 480 -384 480 2 default
w -448 416 -384 416 0
w -384 416 -384 480 0
r -592 480 -624 480 0 10000
t -656 544 -704 544 2 1 -3.677115094475903 -0.044731000447578446 300 default
g -704 560 -704 608 0 0
w -624 480 -704 480 0
w -576 368 -576 336 0
d -288 416 -336 416 2 default
w -336 416 -384 416 0
r -384 416 -384 368 0 33000
r -240 416 -240 480 0 169000
w -240 416 -288 416 0
R -240 512 -224 512 0 0 40 -10 0 0 0.5
w -240 512 -240 480 0
r -128 432 -128 464 0 6800
w -240 416 -128 416 0
w -128 416 -128 432 0
w -384 368 -384 352 0
w -384 352 -208 352 0
w -208 352 -208 320 0
w -288 272 -288 240 0
w -208 320 -112 320 0
r -48 368 0 368 0 4700
w 16 352 16 368 0
w 0 368 16 368 0
w -48 368 -64 368 0
w -64 336 -64 368 0
w -288 240 -64 240 0
w -64 240 -64 304 0
t 208 400 256 400 2 1 -6.344006939650818 0.5536441375102186 300 default
w 160 416 208 416 0
w 208 416 208 400 0
r 112 400 64 400 0 10000
w 256 416 256 560 0
c -144 368 -176 368 4 0.00001 3.250930865183144 0.001 0
g -176 368 -176 384 0 0
w -144 368 -128 368 0
w -128 400 -128 368 0
w -64 240 160 240 0
r 160 240 160 288 0 560
w 160 288 160 336 0
w 160 384 160 336 0
w 256 384 256 336 0
w 160 336 256 336 0
r 288 256 288 288 0 27000
w 288 320 288 288 0
w 288 320 352 320 0
w 288 256 288 240 0
x -350 598 -275 601 4 24 Trigger
r 352 352 352 400 0 100
r 448 352 448 384 0 4700
w 400 336 448 336 0
w 448 336 448 352 0
w 448 384 448 400 0
w 352 400 448 400 0
g 448 400 448 416 0 0
r 448 336 512 336 0 4700
r -912 416 -976 416 0 10000
174 -992 -16 -992 48 1 1000000 0.005 decay
174 -992 80 -992 144 1 1000000 0.9950000000000001 attack
w -976 112 -960 112 0
w -976 16 -960 16 0
w -992 160 -992 144 0
x -1028 190 -964 193 4 24 attack
x -1021 -35 -957 -32 4 24 decay
w -960 112 -960 80 0
w -960 80 -960 16 0
w -912 32 -912 -16 0
w -912 -16 -992 -16 0
w -576 144 -912 144 0
w -912 144 -912 160 0
w -912 160 -992 160 0
w -576 96 -944 96 0
w -944 96 -944 112 0
w -944 112 -960 112 0
w -128 368 -128 96 0
w -576 96 -128 96 0
R -576 176 -656 176 0 0 40 9.3 0 0 0.5
r 528 560 528 608 0 1000000
g 528 608 528 624 0 0
w 480 560 528 560 0
x 555 615 605 618 4 24 OUT
p 528 560 624 560 3 0 0 10000000
w 624 560 624 608 0
w 624 608 528 608 0
w -912 416 -864 416 0
w -592 480 -416 480 0
w -496 544 -544 544 0
w -608 544 -656 544 0
w -912 32 -16 32 0
w 0 320 0 32 0
w -16 32 0 32 0
w -800 416 -768 416 0
174 560 368 544 304 1 5000 0.5891000000000001 Sustain
g 560 368 560 384 0 0
R 560 288 560 256 0 0 40 10 0 0 0.5
w 512 336 544 336 0
w 560 288 560 304 0
x 597 349 677 352 4 24 Sustain
r -64 368 -64 432 0 10000
w 480 560 256 560 0
w 256 560 -128 560 0
w -128 464 -128 560 0
w -128 400 -112 400 0
w -112 400 -112 416 0
w -112 416 -96 416 0
w -96 416 -96 496 0
w -96 496 64 496 0
w 64 496 64 400 0
R -64 464 -32 464 0 0 40 -10 0 0 0.5
w -64 464 -64 432 0
t -256 160 -304 160 3 -1 5.912793806265115 -0.13627516801196649 100 default
w -384 176 -304 176 0
w -256 160 -256 224 0
w -256 224 -368 224 0
w -496 144 -304 144 0
w -288 272 -496 272 0
w -768 416 -736 416 0
c -736 416 -688 416 4 1e-8 2.304002785734003 0.01 0
w -688 416 -608 416 0
g -496 592 -496 608 0 0
S -384 544 -288 544 0 1 false 0 2
w -160 544 -272 544 0
w -272 544 -272 528 0
w -272 528 -288 528 0
w -160 560 -288 560 0
w -800 416 -864 416 0
t -912 496 -944 496 2 1 0.5635710174211092 0.6018865237491855 100 default
w -944 480 -976 480 0
g -944 512 -944 544 0 0
w -864 480 -864 496 0
w -864 496 -912 496 0
R -160 560 -160 592 0 0 40 -10 0 0 0.5
w -704 480 -704 496 0
r -704 512 -624 512 0 10000
w -704 528 -704 512 0
w -704 512 -704 496 0
R -624 512 -592 512 0 0 40 9.3 0 0 0.5
r -704 512 -816 512 0 10000
r -976 416 -976 480 0 3300
w -864 480 -816 480 0
w -816 480 -816 512 0
r -976 416 -976 352 0 10000
R -976 352 -976 288 0 0 40 9.3 0 0 0.5
R 288 240 288 192 0 0 40 9.3 0 0 0.5
t 16 352 64 352 2 1 0.5902174619407634 0.6081441252007269 100 default
w 0 320 64 320 0
w 64 320 64 336 0
w 64 368 112 368 0
w 112 368 112 320 0
w 112 320 288 320 0
t 400 336 352 336 2 -1 2.5324662181260553 -0.5966694428792048 100 default
w -384 352 -384 336 0
w -384 336 -576 336 0
x -238 -51 126 -48 4 24 MiniMoog\sLoudness\sContour\s(EG)
